ALL DATA

1 hidden layer, 200 units

ebp: [(0.96935714285714281, 0.96099999999999997), (0.97107142857142859, 0.9622857142857143), (0.96899999999999997, 0.95850000000000002), (0.97035714285714281, 0.96157142857142852), (0.97028571428571431, 0.96050000000000002), (0.96807142857142858, 0.95907142857142857), (0.96921428571428569, 0.95992857142857146), (0.97142857142857142, 0.95871428571428574), (0.97257142857142853, 0.96242857142857141), (0.97050000000000003, 0.9612857142857143)]
bp: [0.93664285714285711, 0.94214285714285717, 0.93878571428571433, 0.94142857142857139, 0.93964285714285711, 0.93678571428571433, 0.93892857142857145, 0.9415, 0.93935714285714289, 0.94278571428571434]

1 hidden layer, 500 units

ebp: [(0.97292857142857148, 0.96642857142857141), (0.97550000000000003, 0.96821428571428569), (0.97328571428571431, 0.96478571428571425), (0.9762142857142857, 0.96650000000000003), (0.97399999999999998, 0.96521428571428569), (0.97328571428571431, 0.96407142857142858), (0.9752142857142857, 0.96678571428571425), (0.9742142857142857, 0.96664285714285714), (0.97507142857142859, 0.96757142857142853), (0.97464285714285714, 0.96492857142857147)]
bp: [0.93557142857142861, 0.92949999999999999, 0.93078571428571433, 0.93064285714285711, 0.93107142857142855, 0.93171428571428572, 0.92942857142857138, 0.93142857142857138, 0.93292857142857144, 0.92885714285714283]

2 hidden layer, 200/200 units

ebp: [(0.97664285714285715, 0.95707142857142857), (0.97892857142857148, 0.95671428571428574), (0.97614285714285709, 0.95528571428571429), (0.97992857142857148, 0.94728571428571429), (0.97764285714285715, 0.95557142857142852), (0.97571428571428576, 0.95314285714285718), (0.97850000000000004, 0.95307142857142857), (0.97699999999999998, 0.95842857142857141), (0.97799999999999998, 0.95692857142857146), (0.97642857142857142, 0.95350000000000001)]
bp: [0.9137142857142857, 0.91221428571428576, 0.90757142857142858, 0.91735714285714287, 0.90678571428571431, 0.90600000000000003, 0.91149999999999998, 0.90557142857142858, 0.91135714285714287, 0.91300000000000003]

20% OF DATA

1 hidden layer, 200 units

ebp: [(0.94571428571428573, 0.93535714285714289), (0.93928571428571428, 0.92500000000000004), (0.95392857142857146, 0.94285714285714284), (0.94892857142857145, 0.93821428571428567), (0.9503571428571429, 0.9375), (0.94357142857142862, 0.92571428571428571), (0.94714285714285718, 0.9375), (0.94214285714285717, 0.9296428571428571), (0.9425, 0.9296428571428571), (0.94857142857142862, 0.93285714285714283)]
bp: [0.8482142857142857, 0.84285714285714286, 0.85214285714285709, 0.86428571428571432, 0.8532142857142857, 0.85250000000000004, 0.85535714285714282, 0.8482142857142857, 0.84142857142857141, 0.85035714285714281]

1 hidden layer, 500 units

ebp: [(0.94571428571428573, 0.9246428571428571), (0.94321428571428567, 0.92928571428571427), (0.95642857142857141, 0.93107142857142855), (0.94571428571428573, 0.93321428571428566), (0.94750000000000001, 0.93178571428571433), (0.94428571428571428, 0.93214285714285716), (0.9503571428571429, 0.93821428571428567), (0.94571428571428573, 0.93392857142857144), (0.94071428571428573, 0.92785714285714282), (0.94607142857142856, 0.93428571428571427)]
bp: [0.82321428571428568, 0.83178571428571424, 0.83250000000000002, 0.83750000000000002, 0.83071428571428574, 0.82499999999999996, 0.81714285714285717, 0.83750000000000002, 0.82857142857142863, 0.81678571428571434]